380
236
697
816
569
693
567
162
813
628
617
91
256
372
856
59
563
428
380
338
855
300
548
672
106
674
975
102
518
642
201
929
565
759
656
195
341
17
280
313
683
433
670
234
517
147
221
527
256
704
531
197
640
805
34
218
691
937
180
8
585
343
27
18
197
555
827
950
754
219
748
793
936
67
52
611
483
880
158
966
429
307
363
871
785
186
464
35
892
716
378
686
946
869
770
612
995
305
332
971
201
442
668
308
769
880
543
202
275
668
490
582
183
177
513
260
658
805
262
321
211
611
971
477
763
623
822
11
245
370
40
936
901
391
227
39
423
466
110
391
117
494
50
185
290
852
988
385
87
614
668
916
870
836
504
186
699
658
177
966
503
61
768
678
153
559
329
241
52
225
327
940
22
742
364
228
612
635
946
300
555
753
444
895
283
521
983
849
30
666
48
763
450
150
474
313
895
406
178
233
973
880
340
6
127
514
14
715
181
702
347
896
214
672
970
811
161
254
870
520
370
313
622
864
895
614
892
788
966
58
961
873
819
606
532
187
182
998
720
249
879
913
925
423
640
351
219
840
194
190
111
649
121
867
698
594
689
624
122
849
752
513
679
750
508
786
890
617
585
112
203
375
427
256
11
62
70
672
440
915
703
586
969
460
78
916
18
654
782
395
994
901
432
18
541
773
579
995
626
684
809
208
593
611
127
277
805
774
569
35
48
972
171
85
1
934
612
814
997
496
494
979
586
709
312
473
740
633
217
482
699
795
973
349
949
585
854
497
778
190
344
140
306
837
213
298
906
685
320
428
400
134
798
920
230
983
27
200
410
346
455
622
493
16
195
685
379
519
993
692
986
244
10
464
752
550
999
305
554
394
486
869
880
999
267
591
70
113
716
573
204
816
47
703
634
352
773
749
922
529
685
388
535
911
10
438
415
452
793
669
167
69
855
303
794
836
146
141
678
698
419
958
922
653
923
962
171
345
803
651
112
167
557
826
781
440
190
848
402
496
326
801
136
580
303
61
602
416
10
864
565
418
308
313
257
784
724
159
966
889
658
769
391
136
787
910
40
710
583
123
889
549
239
783
88
841
218
887
716
306
303
437
854
903
779
433
430
484
165
764
681
16
109
136
179
924
506
122
80
472
688
3
880
551
255
953
762
343
685
895
757
590
840
612
684
297
557
894
331
643
19
124
798
218
216
73
931
889
965
22
466
113
174
597
790
504
478
977
758
233
774
946
833
600
938
246
618
380
124
324
861
204
299
634
297
497
39
821
462
691
926
926
596
601
19
397
653
804
775
231
954
837
615
863
254
189
270
477
89
118
898
234
255
123
1
472
644
256
775
891
329
45
337
520
710
199
327
883
800
620
10
831
852
829
423
980
848
550
128
919
616
360
188
590
409
758
53
92
293
136
837
951
197
55
784
654
647
848
808
603
678
781
748
467
485
615
340
271
640
607
890
205
112
434
302
144
197
34
246
541
852
66
468
490
341
154
253
779
56
636
423
801
913
838
172
376
21
307
926
591
681
237
970
361
671
879
498
504
222
392
566
26
832
522
857
700
773
778
900
599
383
819
110
240
913
480
577
751
504
232
371
208
746
273
226
603
919
744
889
641
121
310
823
756
72
299
640
937
193
307
457
384
120
590
397
383
957
913
198
630
262
431
495
854
310
421
610
975
680
808
987
936
271
810
130
744
959
681
689
364
288
243
452
100
698
592
12
95
142
48
390
114
591
902
554
478
284
23
302
92
727
647
370
52
546
646
56
365
342
250
550
603
996
570
881
791
78
478
452
487
707
752
492
297
833
512
11
856
128
380
830
901
618
579
816
959
398
277
267
902
425
329
293
564
497
971
477
745
254
39
735
709
489
198
595
582
673
643
425
7
65
679
451
8
651
15
870
588
26
593
266
961
690
312
892
478
92
92
597
716
577
875
611
302
575
826
412
103
918
776
768
257
627
809
955
540
435
19
378
560
973
809
751
184
657
629
102
180
503
995
850
451
27
281
964
936
862
36
68
951
995
930
454
716
234
305
446
748
456
969
974
523
659
212
560
932
45
600
169
240
51
240
169
987
677
636
701
210
223
313
927
555
0
895
481
622
306
763
392
859
137
327
13
398
314
939
667
495
167
771
477
966
515
76
326
299
864
586
249
890
391
953
589
986
43
518
704
439
179
851
689
165
924
962
82
733
924
707
803
789
923
283
654
614
12
455
447
773
296
990
180
240
51
957
249
183
70
353
346
816
50
261
293
656
767
247
792
965
252
451
